{
    "nll": 107171.234375,
    "avg_t_pval": 0.53905650638857,
    "avg_y_pval": 0.0014224017937306433,
    "min_t_pval": 0.05423635102323976,
    "min_y_pval": 4.0339917184439855e-07,
    "q30_t_pval": 0.3908621700734173,
    "q30_y_pval": 2.8238125289847815e-05,
    "q50_t_pval": 0.5044334788235081,
    "q50_y_pval": 9.896624685024058e-05,
    "ate_exact": 0.33242963920931795,
    "ate_noisy": 0.33194594830600527
}